#       y = userfitf0(Minf)+userfitf1(Minf,M0,T11,c)+userfitf2(Minf,M0,c,T12)
chi2t=0.0109232 CL(14.5,0.0054616)=1

 n.tot.par = 6.00000e+00
      Minf = 9.69973e-01
        M0 =-7.64321e-01
       T11 = 3.68397e-01
         c = 1.00000e+00
       T12 = 1.00000e+00

T=3e+08 chi2[1]=0.0109232 CL(14.5,0.0054616)=1
AA[1]= 1.000e+00
AA[2]= 1.000e+00
AA[3]= 1.000e+00

Covar=
0.0 0.0 0.0 
0.0 0.0 0.0 
0.0 0.0 0.0 




