#       y = userfitf0(Minf)+userfitf1(Minf,M0,T11,c)+userfitf2(Minf,M0,c,T12)
chi2t=0.0131754 CL(8.5,0.00658768)=1

 n.tot.par = 6.00000e+00
      Minf = 4.79380e-01
        M0 =-8.17007e-01
       T11 = 4.19737e-02
         c = 1.00000e+00
       T12 = 1.00000e+00

T=15000 chi2[1]=0.0131754 CL(8.5,0.00658768)=1
AA[1]= 1.000e+00
AA[2]= 1.000e+00
AA[3]= 1.000e+00

Covar=
0.0 0.0 0.0 
0.0 0.0 0.0 
0.0 0.0 0.0 




